
16
28.000000 80.000000 -80.000000 -7.000000 -7.000000
28.000000 -80.000000 80.000000 7.000000 7.000000
28.000000 80.000000 80.000000 7.000000 -7.000000
28.000000 -80.000000 -80.000000 -7.000000 7.000000
50.000000 280.000000 -280.000000 -7.000000 -7.000000
50.000000 -280.000000 280.000000 7.000000 7.000000
50.000000 280.000000 280.000000 7.000000 -7.000000
50.000000 -280.000000 -280.000000 -7.000000 7.000000
40.000000 180.000000 -180.000000 -7.000000 -7.000000
40.000000 -180.000000 180.000000 7.000000 7.000000
40.000000 180.000000 180.000000 7.000000 -7.000000
40.000000 -180.000000 -180.000000 -7.000000 7.000000
28.000000 380.000000 -380.000000 -7.000000 -7.000000
28.000000 -380.000000 380.000000 7.000000 7.000000
28.000000 380.000000 380.000000 7.000000 -7.000000
28.000000 -380.000000 -380.000000 -7.000000 7.000000
FIN_LISTE

33
0.000000 0.000000
450.000000 450.000000
-450.000000 450.000000
-450.000000 -450.000000
450.000000 -450.000000
550.000000 0.000000
-550.000000 0.000000
0.000000 550.000000
0.000000 -550.000000
500.000000 350.000000
-500.000000 350.000000
-500.000000 -350.000000
500.000000 -350.000000
350.000000 500.000000
-350.000000 500.000000
350.000000 -500.000000
-350.000000 -500.000000
500.000000 200.000000
-500.000000 200.000000
-500.000000 -200.000000
500.000000 -200.000000
200.000000 500.000000
-200.000000 500.000000
200.000000 -500.000000
-200.000000 -500.000000
520.000000 150.000000
-520.000000 150.000000
-520.000000 -150.000000
520.000000 -150.000000
150.000000 520.000000
-150.000000 520.000000
150.000000 -520.000000
-150.000000 -520.000000
FIN_LISTE

0
FIN_LISTE
